location,time,nira_1_f_cp
19700,2001,92.27667
19700,2002,91.4544
19700,2003,91.15999
19700,2004,89.74111
19700,2005,90.626
19700,2006,90.95888
19700,2007,92.35962
19700,2008,93.08774
19700,2009,91.23434
19700,2010,91.23838
19700,2011,92.4349
19700,2012,89.58226
19700,2013,89.27175
19700,2014,89.69325
19710,1999,78.63607
19710,2000,78.69833
19710,2001,78.94039
19710,2002,80.19748
19710,2003,82.75935
19710,2004,82.20062
19710,2005,82.41685
19710,2006,81.79461
19710,2007,82.3426
19710,2008,82.86755
19710,2009,83.10759
19710,2010,84.17984
19710,2011,84.39344
19710,2012,84.40916
19710,2013,84.42265
19710,2014,84.10255
40030,1999,83.97426
40030,2000,83.89645
40030,2001,84.02016
40030,2002,84.70726
40030,2003,87.60526
40030,2004,86.89527
40030,2005,86.4533
40030,2006,85.54733
40030,2007,85.81513
40030,2008,85.86307
40030,2009,86.07622
40030,2010,87.57037
40030,2011,86.92372
40030,2012,86.94654
40030,2013,86.8407
40030,2014,86.25636
40041,1999,91.18097
40041,2000,89.96139
40041,2001,90.44857
40041,2002,89.90925
40041,2003,90.30749
40041,2004,89.01157
40041,2005,89.75735
40041,2006,90.38526
40041,2007,91.68236
40041,2008,91.74087
40041,2009,90.31123
40041,2010,91.39538
40041,2011,92.4849
40041,2012,89.98755
40041,2013,89.87273
40041,2014,90.5074
40042,1999,77.04874
40042,2000,77.64072
40042,2001,77.93641
40042,2002,78.93576
40042,2003,84.25155
40042,2004,83.36405
40042,2005,82.75553
40042,2006,81.37121
40042,2007,81.55229
40042,2008,81.54339
40042,2009,81.7944
40042,2010,84.42896
40042,2011,83.6561
40042,2012,84.05621
40042,2013,84.40189
40042,2014,84.28832
40043,2005,92.89703
40043,2006,93.07437
40043,2007,93.66396
40043,2008,93.93464
40043,2009,94.10965
40043,2010,93.36763
40043,2011,93.04349
40043,2012,92.35146
40043,2013,91.40513
40043,2014,89.9359
40044,1999,37.17623
40044,2000,40.07947
40044,2001,42.72269
40044,2002,49.29411
40044,2003,50.41684
40044,2004,52.31039
40044,2005,57.53346
40044,2006,58.9192
40044,2007,61.70108
40044,2008,66.03462
40044,2009,66.6423
40044,2010,64.76623
40044,2011,69.93786
40044,2012,70.17516
40044,2013,70.89233
40044,2014,71.82748
40061,1999,93.36291
40061,2000,91.35667
40061,2001,91.84152
40061,2002,90.56826
40061,2003,91.40059
40061,2004,88.94897
40061,2005,90.33027
40061,2006,90.82237
40061,2007,92.89661
40061,2008,94.10583
40061,2009,91.13098
40061,2010,90.75104
40061,2011,92.38256
40061,2012,88.4386
40061,2013,88.5717
40061,2014,89.37382
40063,2007,90.06136
40063,2008,89.46327
40063,2009,89.16061
40063,2010,90.03405
40063,2011,91.38969
40063,2012,91.58197
40063,2013,91.43774
40063,2014,91.98148
40070,1999,80.31028
40070,2000,80.216
40070,2001,80.47869
40070,2002,81.48114
40070,2003,83.70487
40070,2004,83.04675
40070,2005,83.33012
40070,2006,82.80803
40070,2007,83.44524
40070,2008,83.99049
40070,2009,83.99806
40070,2010,84.94956
40070,2011,85.27164
40070,2012,84.97194
40070,2013,84.95145
40070,2014,84.71448
40313,1999,95.93061
40313,2000,94.74963
40313,2010,93.03415
40313,2011,94.14896
40313,2012,94.12937
40313,2013,94.47036
40313,2014,94.33441
40314,1999,86.51315
40314,2000,86.3754
40314,2001,85.75262
40314,2002,86.651
40314,2003,85.28546
40314,2004,84.99565
40314,2005,85.85615
40314,2006,87.13577
40314,2007,88.58604
40314,2008,89.05973
40314,2009,90.13107
40314,2010,90.66756
40314,2011,91.33026
40314,2012,90.22598
40314,2013,87.15798
40314,2014,87.37597
40322,1999,68.82894
40322,2000,71.36859
40322,2001,74.6383
40322,2002,76.17446
40322,2003,76.72915
40322,2004,78.19321
40322,2005,78.05596
40322,2006,77.48016
40322,2007,78.10536
40322,2010,78.91007
40322,2011,78.89831
40322,2012,79.882
40322,2013,79.29769
40322,2014,79.51356
40326,2002,90.98716
40326,2003,87.95482
40326,2004,89.21616
40326,2005,88.98062
40326,2006,89.24707
40326,2007,89.2351
40326,2008,87.93204
40326,2009,86.75286
40326,2010,89.30279
40326,2011,90.5015
40326,2012,90.34859
40326,2013,90.51383
40326,2014,81.23658
40327,1999,99.84476
40327,2000,99.65006
40327,2001,99.68511
40327,2002,99.7495
40327,2003,99.78329
40327,2004,99.77418
40327,2005,99.76072
40327,2006,99.72505
40327,2007,99.73818
40327,2008,99.34562
40327,2009,99.01276
40327,2010,97.25012
40327,2011,96.2007
40327,2012,95.43858
40327,2013,95.18001
40327,2014,95.10127
40336,1999,77.6886
40336,2000,81.64141
40336,2001,87.1095
40336,2002,89.78376
40336,2003,90.49577
40336,2004,93.53546
40336,2005,93.69898
40336,2006,93.05137
40336,2007,95.26659
40336,2010,92.77025
40336,2011,92.93297
40336,2012,95.16307
40336,2013,95.58928
40336,2014,95.98033
40345,1999,78.914
40345,2000,80.07397
40345,2001,81.97661
40345,2002,84.13568
40345,2003,92.79819
40345,2004,92.27444
40345,2005,91.4267
40345,2006,90.12125
40345,2007,89.03681
40345,2008,90.45888
40345,2009,91.34711
40345,2010,94.38875
40345,2011,91.38528
40345,2012,91.60483
40345,2013,91.7535
40345,2014,91.47358
40346,1999,78.914
40346,2000,80.07397
40346,2001,81.97661
40346,2002,84.13568
40346,2003,92.79819
40346,2004,92.27444
40346,2005,91.4267
40346,2006,90.12125
40346,2007,89.03681
40346,2008,90.45888
40346,2009,91.34711
40346,2010,94.38875
40346,2011,91.38528
40346,2012,91.60483
40346,2013,91.7535
40346,2014,91.47358
40347,1999,87.69706
40347,2010,87.48393
40347,2011,91.77789
40347,2012,92.88755
40347,2013,94.32198
40347,2014,93.79058
40350,1999,40.61377
40350,2000,42.56367
40350,2001,44.22007
40350,2002,48.35254
40350,2003,49.54814
40350,2004,50.02867
40350,2005,53.55015
40350,2006,54.68363
40350,2007,58.09295
40350,2008,59.74191
40350,2009,59.26959
40350,2010,58.41978
40350,2011,62.52156
40350,2012,62.89505
40350,2013,64.08313
40350,2014,65.06903
40354,1999,72.69709
40354,2000,74.64239
40354,2001,77.06034
40354,2002,77.17263
40354,2003,77.61019
40354,2004,79.13706
40354,2005,79.04303
40354,2006,79.01346
40354,2007,79.01724
40354,2008,77.8001
40354,2009,77.50156
40354,2010,81.46765
40354,2011,81.77665
40354,2012,82.05887
40354,2013,81.44488
40354,2014,73.13693
40355,1999,80.32238
40355,2000,80.22849
40355,2001,80.4909
40355,2002,81.49208
40355,2003,83.71299
40355,2004,83.05523
40355,2005,83.33778
40355,2006,82.81567
40355,2007,83.45177
40355,2008,83.99609
40355,2009,84.00332
40355,2010,84.9538
40355,2011,85.27689
40355,2012,84.97747
40355,2013,84.95673
40355,2014,84.71989
40358,1999,70.32082
40358,2000,69.39889
40358,2001,69.11567
40358,2002,68.17432
40358,2003,66.59497
40358,2004,65.63139
40358,2005,64.68831
40358,2006,63.58483
40358,2007,61.9705
40358,2008,60.72047
40358,2009,59.46659
40358,2010,58.74596
40358,2011,57.64942
40358,2012,56.70076
40358,2013,55.64354
40359,1999,40.59619
40359,2000,42.45864
40359,2001,44.06233
40359,2002,48.03495
40359,2006,54.08784
40359,2007,57.3361
40359,2008,58.9106
40359,2009,58.46812
40359,2010,57.6546
40359,2011,61.6059
40359,2012,61.96838
40359,2013,63.11784
40359,2014,64.09582
40360,1999,86.49663
40360,2000,86.36012
40360,2001,85.74093
40360,2002,86.63462
40360,2003,85.27645
40360,2004,84.98829
40360,2005,85.84478
40360,2006,87.11888
40360,2007,88.5633
40360,2008,89.03551
40360,2009,90.10286
40360,2010,90.63915
40360,2011,91.31185
40360,2012,90.21569
40360,2013,87.15927
40360,2014,87.37633
40365,2007,89.96361
40365,2008,89.50476
40365,2009,89.34859
40365,2010,90.03854
40365,2011,91.3733
40365,2012,91.63015
40365,2013,91.52095
40365,2014,91.67676
40366,1999,80.32238
40366,2000,80.22849
40366,2001,80.4909
40366,2002,81.49208
40366,2003,83.71299
40366,2004,83.05523
40366,2005,83.33778
40366,2006,82.81567
40366,2007,83.45177
40366,2008,83.99609
40366,2009,84.00332
40366,2010,84.9538
40366,2011,85.27689
40366,2012,84.97747
40366,2013,84.95673
40366,2014,84.71989
40368,1999,46.17102
40368,2000,48.13857
40368,2001,50.07909
40368,2002,53.65309
40368,2003,54.53429
40368,2004,55.11435
40368,2005,57.89951
40368,2006,58.64112
40368,2007,61.651
40368,2008,62.71418
40368,2009,61.92932
40368,2010,61.48637
40368,2011,65.00431
40368,2012,65.55981
40368,2013,66.63469
40368,2014,67.5657
40369,1999,88.64312
40369,2000,86.95697
40369,2001,87.1491
40369,2002,86.19275
40369,2003,85.56848
40369,2004,82.95126
40369,2005,84.3433
40369,2006,85.3444
40369,2007,88.96379
40369,2008,90.26492
40369,2009,87.31768
40369,2010,86.5351
40369,2011,88.70091
40369,2012,84.10127
40369,2013,84.22985
40369,2014,85.59368
40370,1999,85.44894
40370,2000,85.10331
40370,2001,84.61683
40370,2002,85.97831
40370,2003,84.97857
40370,2004,85.05573
40370,2005,86.04154
40370,2006,87.54337
40370,2007,88.12823
40370,2008,88.72862
40370,2009,90.29082
40370,2010,91.52531
40370,2011,92.37912
40370,2012,90.66513
40370,2013,85.89792
40370,2014,85.65657
40371,1999,87.34645
40371,2000,87.17736
40371,2001,87.3693
40371,2002,88.25659
40371,2003,92.28508
40371,2004,91.79223
40371,2005,91.27538
40371,2006,90.12867
40371,2007,89.83439
40371,2008,90.38365
40371,2009,91.12192
40371,2010,93.06693
40371,2011,92.02286
40371,2012,92.15152
40371,2013,92.30862
40371,2014,91.5486
40372,2002,94.6766
40372,2003,93.66883
40372,2004,93.58969
40372,2005,93.91744
40372,2006,93.94647
40372,2007,93.75244
40372,2008,93.75336
40372,2009,94.0336
40372,2010,94.49707
40372,2011,94.54048
40372,2012,94.64345
40372,2013,94.04466
40372,2014,93.23354
40373,1999,72.92039
40373,2000,72.69775
40373,2001,71.56137
40373,2002,72.25578
40373,2003,74.30379
40373,2004,73.96333
40373,2005,73.66506
40373,2006,72.81382
40373,2007,75.78638
40373,2008,75.39616
40373,2009,74.80303
40373,2010,75.0032
40373,2011,74.92347
40373,2012,74.86042
40373,2013,74.97951
40373,2014,74.89233
40387,2007,87.44197
40387,2008,86.99771
40387,2009,87.52047
40387,2010,89.05686
40387,2011,90.30337
40387,2012,89.8051
40387,2013,88.75582
40387,2014,87.54109
40388,1999,93.37508
40388,2000,91.85949
40388,2001,92.52697
40388,2002,91.47433
40388,2003,92.10032
40388,2004,90.33014
40388,2005,91.35375
40388,2006,91.8367
40388,2007,93.63989
40388,2008,94.5807
40388,2009,92.20817
40388,2010,91.80058
40388,2011,93.04991
40388,2012,89.76589
40388,2013,89.74167
40388,2014,90.69531
40389,1999,78.46532
40389,2000,78.53312
40389,2001,78.82748
40389,2002,80.08739
40389,2003,82.66983
40389,2004,82.10796
40389,2005,82.34229
40389,2006,81.69529
40389,2007,82.24388
40389,2008,82.78313
40389,2009,83.02688
40389,2010,84.10794
40389,2011,84.30369
40389,2012,84.32064
40389,2013,84.33144
40389,2014,84.00158
40500,1999,93.36319
40500,2000,91.35706
40500,2001,91.84188
40500,2002,90.56869
40500,2003,91.40098
40500,2004,88.94947
40500,2005,90.33073
40500,2006,90.82283
40500,2007,92.89695
40500,2008,94.10603
40500,2009,91.13125
40500,2010,90.75132
40500,2011,92.38283
40500,2012,88.43904
40500,2013,88.57215
40500,2014,89.37422
40505,2007,90.06136
40505,2008,89.46327
40505,2009,89.16061
40505,2010,90.03405
40505,2011,91.38969
40505,2012,91.58197
40505,2013,91.43774
40505,2014,91.98148
40510,1999,80.32238
40510,2000,80.22849
40510,2001,80.4909
40510,2002,81.49208
40510,2003,83.71299
40510,2004,83.05523
40510,2005,83.33778
40510,2006,82.81567
40510,2007,83.45177
40510,2008,83.99609
40510,2009,84.00332
40510,2010,84.9538
40510,2011,85.27689
40510,2012,84.97747
40510,2013,84.95673
40510,2014,84.71989
40515,1999,95.93219
40515,2000,94.75387
40515,2010,93.04048
40515,2011,94.15329
40515,2012,94.13358
40515,2013,94.47395
40515,2014,94.33823
40520,1999,86.49762
40520,2000,86.36107
40520,2001,85.74191
40520,2002,86.63556
40520,2003,85.27748
40520,2004,84.98935
40520,2005,85.84579
40520,2006,87.11933
40520,2007,88.56317
40520,2008,89.03487
40520,2009,90.10164
40520,2010,90.63747
40520,2011,91.31136
40520,2012,90.21524
40520,2013,87.15905
40520,2014,87.3761
40525,1999,68.82894
40525,2000,71.36859
40525,2001,74.6383
40525,2002,76.17446
40525,2003,76.72915
40525,2004,78.19321
40525,2005,78.05596
40525,2006,77.48016
40525,2007,78.10536
40525,2010,78.91007
40525,2011,78.89831
40525,2012,79.882
40525,2013,79.29769
40525,2014,79.51356
40530,2002,90.98716
40530,2003,87.95482
40530,2004,89.21616
40530,2005,88.98062
40530,2006,89.24707
40530,2007,89.2351
40530,2008,87.93204
40530,2009,86.75286
40530,2010,89.30279
40530,2011,90.5015
40530,2012,90.34859
40530,2013,90.51383
40530,2014,81.23658
40535,1999,78.914
40535,2000,80.07397
40535,2001,81.97661
40535,2002,84.13568
40535,2003,92.79819
40535,2004,92.27444
40535,2005,91.4267
40535,2006,90.12125
40535,2007,89.03681
40535,2008,90.45888
40535,2009,91.34711
40535,2010,94.38875
40535,2011,91.38528
40535,2012,91.60483
40535,2013,91.7535
40535,2014,91.47358
40540,1999,40.61377
40540,2000,42.56367
40540,2001,44.22007
40540,2002,48.35254
40540,2003,49.54814
40540,2004,50.02867
40540,2005,53.55015
40540,2006,54.68363
40540,2007,58.09295
40540,2008,59.74191
40540,2009,59.26959
40540,2010,58.41978
40540,2011,62.52156
40540,2012,62.89505
40540,2013,64.08313
40540,2014,65.06903
abw,1999,92.78725
abw,2000,99.03181
abw,2001,75.44828
abw,2002,82.23419
abw,2003,80.05391
abw,2004,75.37583
abw,2005,98.39786
abw,2006,98.64315
abw,2007,94.70559
abw,2008,97.64926
abw,2009,96.87055
abw,2010,96.15953
ago,2008,55.93575
ago,2009,55.30864
ago,2010,55.24653
ago,2011,54.58348
alb,1999,86.28702
alb,2000,86.30924
alb,2001,81.47648
alb,2003,87.9144
alb,2004,87.06872
alb,2008,85.26828
alb,2009,69.94726
alb,2010,81.57496
alb,2011,79.83574
alb,2012,84.69252
are,1999,85.4097
are,2000,82.07807
are,2001,83.11445
are,2002,86.4594
are,2003,89.3342
are,2004,91.38776
are,2005,96.29852
are,2006,96.71027
are,2007,96.96174
are,2009,95.03514
are,2010,97.89793
are,2011,94.23132
are,2012,94.69697
are,2013,91.8469
arg,1999,99.25662
arg,2000,98.88813
arg,2001,99.06593
arg,2002,98.90204
arg,2003,98.63147
arg,2004,97.92087
arg,2005,98.26745
arg,2006,98.49931
arg,2007,98.70683
arg,2008,97.69206
arg,2009,98.28358
arg,2010,97.54582
arg,2011,97.7954
arg,2012,96.93831
arg,2013,96.93367
arm,2002,81.9548
arm,2003,83.40706
arm,2005,83.3141
arm,2006,87.53461
arm,2007,91.24153
atg,2007,64.61337
atg,2008,67.14849
atg,2009,76.84211
atg,2010,67.01847
atg,2011,64.04794
atg,2012,61.34228
atg,2014,87.53425
aus,1999,70.06808
aus,2000,70.29519
aus,2001,68.82767
aus,2002,70.35888
aus,2003,75.26491
aus,2004,75.80131
aus,2005,76.08716
aus,2006,75.28257
aus,2007,82.82712
aus,2008,83.09691
aus,2009,82.78631
aus,2010,83.64459
aus,2013,86.04045
aze,1999,86.95892
aze,2000,84.93449
aze,2001,62.07168
aze,2002,58.46643
aze,2003,62.33018
aze,2004,65.41871
aze,2005,60.0206
aze,2006,62.03851
aze,2007,66.96944
aze,2008,72.13638
aze,2009,71.2488
aze,2010,67.70033
aze,2011,78.40003
aze,2012,77.26935
aze,2013,79.24919
aze,2014,78.59377
bdi,2000,32.23303
bdi,2001,35.42378
bdi,2002,38.22995
bdi,2003,48.28041
bdi,2004,45.435
bdi,2005,47.57097
bdi,2006,71.55769
bdi,2007,79.40688
bdi,2008,87.7109
bdi,2009,79.91599
bdi,2010,95.2734
bdi,2013,96.71657
bdi,2014,97.04345
bel,1999,96.26067
bel,2000,94.82664
bel,2001,91.85435
bel,2002,92.2684
bel,2003,94.57203
bel,2004,95.2662
bel,2005,95.44501
bel,2006,95.49934
bel,2007,95.39178
bel,2008,95.54487
bel,2009,94.32429
bel,2010,94.68965
bel,2011,95.72561
bel,2012,95.96077
bel,2013,96.57897
bel,2014,96.7324
ben,2006,71.52888
ben,2008,87.52371
ben,2009,92.77621
ben,2010,93.31099
ben,2011,89.65102
ben,2012,92.91191
ben,2013,94.5702
bfa,1999,24.746
bfa,2000,31.71638
bfa,2001,35.12338
bfa,2002,35.21127
bfa,2003,35.0625
bfa,2004,47.82625
bfa,2005,56.50324
bfa,2006,57.99872
bfa,2007,61.81443
bfa,2008,71.55748
bfa,2009,63.57572
bfa,2010,23.43587
bfa,2011,28.52896
bfa,2012,32.76378
bfa,2013,35.28191
bfa,2014,32.1048
bgd,2005,100
bgd,2006,100
bgd,2008,92.78442
bgd,2009,95.03699
bgd,2010,99.44716
bgr,1999,92.94388
bgr,2000,93.41459
bgr,2001,95.67012
bgr,2002,96.63181
bgr,2003,92.50085
bgr,2004,95.87191
bgr,2005,88.02381
bgr,2006,93.34444
bgr,2007,99.24607
bgr,2008,99.17193
bgr,2009,96.98263
bgr,2010,96.49429
bgr,2011,96.61415
bgr,2012,97.76763
bgr,2013,96.57513
bgr,2014,95.59055
bhr,1999,94.0521
bhs,1999,85.10851
bhs,2004,74.87273
bhs,2005,82.07231
bhs,2006,83.5206
bhs,2007,78.61469
bhs,2008,78.60735
bhs,2009,76.89545
bhs,2010,75.87919
bih,2011,94.18998
bih,2012,94.01923
blr,2012,78.21658
blr,2013,83.9154
blr,2014,81.30058
blz,1999,92.05034
blz,2000,87.33138
blz,2001,85.46791
blz,2003,88.21458
blz,2004,85.7257
blz,2005,91.57701
blz,2006,96.53299
blz,2007,94.91744
blz,2008,91.77199
blz,2009,94.47599
blz,2010,97.21074
blz,2011,93.50683
blz,2012,94.11458
blz,2013,95.42086
blz,2014,95.96449
bmu,2005,100
bmu,2011,84.69388
bmu,2012,84.11458
bol,1999,77.93725
bol,2000,81.04655
bol,2001,82.03389
bol,2002,82.54736
bol,2003,82.00495
bol,2006,80.66152
bol,2007,76.03373
bra,2004,82.83397
bra,2005,84.03002
bra,2007,87.45556
bra,2008,89.88119
bra,2009,91.14435
bra,2011,95.56938
bra,2012,95.53716
bra,2013,84.41638
brb,1999,76.53575
brb,2000,75.21368
brb,2001,74.54728
brb,2002,75.42329
brb,2003,86.28481
brb,2004,85.98181
brb,2005,87.51975
brb,2006,81.1846
brb,2007,83.53567
brb,2008,87.39035
brb,2009,79.53922
brb,2010,79.01639
brb,2011,78.68852
brb,2014,88.01792
brn,2005,82.40792
brn,2008,83.71437
brn,2009,85.51865
brn,2010,81.84052
brn,2011,80.33283
brn,2013,85.48236
brn,2014,79.06592
btn,1999,22.37049
btn,2000,26.86054
btn,2001,27.16724
btn,2005,37.68976
btn,2006,47.07029
btn,2008,57.9932
btn,2009,60.73979
btn,2010,70.66935
btn,2011,66.49425
btn,2012,62.08375
btn,2013,70.31938
btn,2014,80.49746
bwa,1999,27.03886
bwa,2000,27.34694
bwa,2001,29.52897
bwa,2002,28.82196
bwa,2003,28.70251
bwa,2004,25.49945
bwa,2005,34.60887
bwa,2006,40.82222
bwa,2007,44.49388
bwa,2008,43.87259
bwa,2009,45.92643
bwa,2012,69.98937
bwa,2013,62.08698
caf,2005,31.62236
caf,2006,29.40507
caf,2007,35.60614
caf,2008,48.14263
caf,2009,47.00702
caf,2010,53.38413
caf,2011,46.46696
caf,2012,51.76314
can,1999,98.72056
can,2000,97.98357
can,2012,100
can,2013,100
che,1999,98.04001
che,2000,98.23953
che,2001,96.72533
che,2002,95.6784
che,2003,95.94428
che,2004,97.77205
che,2005,97.3123
che,2006,98.1609
che,2007,98.38944
che,2008,98.78649
che,2009,96.93684
che,2010,98.62572
che,2011,99.29499
che,2012,99.34649
che,2013,99.36215
che,2014,99.30937
chl,2007,89.42
chl,2008,87.16941
chl,2009,85.2816
chl,2010,83.94821
chl,2011,82.80938
chl,2012,82.58998
chl,2013,84.18043
chl,2014,85.79265
civ,1999,45.43685
civ,2000,47.55204
civ,2001,50.01588
civ,2002,49.23169
civ,2003,56.21591
civ,2009,38.75849
civ,2013,52.50915
civ,2014,56.51087
cmr,2012,72.34164
cmr,2014,88.80991
cod,1999,28.90874
cog,2005,56.59798
cog,2006,58.87428
cog,2010,76.59112
cog,2012,76.68424
cok,1999,84.21053
cok,2000,100
cok,2007,93.7931
cok,2010,96.02649
cok,2013,88.15789
cok,2014,84.82759
col,1999,82.20076
col,2000,80.81909
col,2001,80.98772
col,2002,80.7951
col,2004,87.64989
col,2005,88.83861
col,2006,86.98859
col,2007,85.30986
col,2008,86.53817
col,2009,86.15548
col,2010,85.16989
col,2011,85.36096
col,2012,84.12156
col,2013,85.015
col,2014,85.23486
com,1999,25.76695
com,2000,28.76625
com,2007,52.16406
com,2013,72.72727
cpv,2000,71.84496
cpv,2001,73.70717
cpv,2002,70.94488
cpv,2003,76.80396
cpv,2004,73.34741
cpv,2005,79.88391
cpv,2006,78.08989
cpv,2007,83.14766
cpv,2008,84.81994
cpv,2009,91.28839
cpv,2010,97.88605
cpv,2011,100
cpv,2012,98.63176
cpv,2013,100
cpv,2014,97.05882
cri,2011,97.84016
cri,2012,95.82586
cri,2013,95.15398
cri,2014,92.32671
cub,1999,91.85069
cub,2000,92.84066
cub,2001,92.58155
cub,2002,95.1045
cub,2003,91.10158
cub,2004,97.71174
cub,2005,98.59953
cub,2006,99.2581
cub,2007,95.84352
cub,2008,96.14748
cub,2009,99.30599
cub,2010,98.80684
cub,2011,93.27833
cub,2012,90.64803
cub,2013,86.6741
cub,2014,87.37246
cyp,2000,97.63944
cyp,2001,96.86047
cyp,2002,95.02841
cyp,2003,95.46012
cyp,2004,96.50498
cyp,2005,98.44874
cyp,2006,96.5485
cyp,2007,94.76567
cyp,2008,94.53441
cyp,2009,97.33493
cyp,2010,96.48073
cyp,2011,97.53966
cyp,2012,97.6723
cyp,2013,97.06732
cyp,2014,95.02056
deu,1999,97.36395
deu,2000,98.17059
deu,2001,98.9019
deu,2002,96.59502
deu,2003,100
deu,2004,100
deu,2005,100
deu,2006,100
deu,2007,100
deu,2008,100
deu,2009,97.90375
deu,2010,97.84616
deu,2011,96.19113
deu,2012,100
deu,2013,98.11048
deu,2014,98.4496
dji,1999,18.22556
dji,2000,20.63679
dji,2001,25.68027
dji,2002,28.35443
dji,2004,30.68111
dji,2005,34.61538
dji,2006,41.01768
dji,2007,44.23968
dji,2008,47.29075
dji,2009,46.60944
dji,2011,44.85302
dji,2013,45.41706
dji,2014,48.20977
dji,2015,47.19656
dma,2000,97.11538
dma,2001,93.76771
dma,2003,94.65649
dma,2004,84.51613
dma,2005,100
dma,2006,90.90909
dma,2007,96.34146
dma,2008,100
dma,2014,97.48488
dnk,1999,92.94264
dnk,2000,93.20059
dnk,2001,99.97628
dnk,2002,100
dnk,2004,88.27921
dnk,2005,86.75781
dnk,2006,83.29728
dnk,2007,84.12486
dnk,2008,88.95765
dnk,2009,88.90603
dnk,2010,87.63306
dnk,2011,93.70217
dnk,2012,94.52227
dnk,2013,94.58854
dnk,2014,94.00465
dom,1999,69.02554
dom,2000,66.56928
dom,2002,66.2485
dom,2003,65.25531
dom,2004,63.10741
dom,2005,68.90609
dom,2006,70.93424
dom,2007,94.26247
dom,2008,73.78201
dom,2009,80.04577
dom,2010,78.84115
dom,2011,78.96503
dom,2012,80.87956
dom,2013,79.68005
dom,2014,81.45765
dza,1999,92.40219
dza,2000,91.98568
dza,2001,95.67795
dza,2002,91.55451
dza,2003,90.00427
dza,2004,93.95755
dza,2005,93.90848
dza,2006,94.21393
dza,2007,97.03249
dza,2008,97.16656
dza,2009,97.07756
dza,2011,97.58117
dza,2014,97.45869
ecu,1999,93.05061
ecu,2000,94.20157
ecu,2001,94.04008
ecu,2002,95.84243
ecu,2003,95.73875
ecu,2005,91.24732
ecu,2006,97.1789
ecu,2007,99.90054
ecu,2009,90.40307
ecu,2010,88.25973
ecu,2011,88.03621
ecu,2012,87.31288
ecu,2013,94.77988
ecu,2014,87.28518
egy,1999,78.8509
egy,2000,83.02461
egy,2001,88.25105
egy,2002,91.89405
egy,2003,93.26106
egy,2004,97.06447
egy,2012,94.87948
egy,2014,96.50534
eri,1999,20.23196
eri,2000,24.78145
eri,2001,33.00827
eri,2002,37.72159
eri,2003,41.83771
eri,2004,41.23463
eri,2005,42.1828
eri,2006,38.69006
eri,2007,32.41635
eri,2008,32.6154
eri,2009,31.19728
eri,2010,33.55659
eri,2011,38.30389
eri,2012,39.80404
eri,2013,23.26564
esp,1999,99.50471
esp,2000,99.94385
esp,2001,97.76042
esp,2002,97.58935
esp,2003,99.02712
esp,2004,98.94812
esp,2005,98.39345
esp,2006,99.66257
esp,2008,99.60766
esp,2009,99.51056
esp,2010,99.09802
esp,2011,99.1066
esp,2012,99.07463
esp,2013,98.58916
esp,2014,97.63388
est,1999,95.76458
est,2000,96.72562
est,2001,93.03683
est,2002,90.94072
est,2003,86.21282
est,2010,98.82411
est,2011,97.78909
est,2012,96.80148
est,2013,94.63018
eth,1999,21.06363
eth,2000,23.98213
eth,2001,27.48118
eth,2002,28.16991
eth,2003,26.89173
eth,2004,31.86281
eth,2005,56.04733
eth,2006,52.58048
eth,2007,58.59059
eth,2008,79.06429
eth,2009,74.09781
eth,2010,70.18893
eth,2011,85.76046
eth,2012,87.43372
eth,2014,93.06027
fin,1999,99.36111
fin,2000,98.30485
fin,2001,96.07492
fin,2002,96.26243
fin,2003,94.71947
fin,2004,93.65454
fin,2005,95.33693
fin,2006,93.75605
fin,2007,96.85137
fin,2008,96.2955
fin,2009,96.7728
fin,2010,96.12506
fin,2011,99.03877
fin,2012,99.04832
fin,2013,99.2936
fin,2014,99.32307
fji,1999,91.97668
fji,2000,88.30471
fji,2001,91.25813
fji,2002,94.53336
fji,2003,91.7755
fji,2004,95.87332
fji,2006,95.26042
fji,2007,88.74273
fji,2008,91.34931
fji,2009,91.28793
fji,2011,93.7469
fji,2012,95.5329
fji,2013,85.77366
fra,1999,99.03986
fra,2000,97.07087
fra,2001,98.622
fra,2002,99.12331
fra,2003,99.12454
fra,2004,94.96615
fra,2005,98.76151
fra,2006,98.59938
fra,2007,98.83984
fra,2008,99.00912
fra,2009,98.96537
fra,2010,98.95602
fra,2011,99.07129
fra,2012,99.03444
fra,2013,98.94416
fra,2014,99.01525
fsm,2014,84.35013
gbr,1999,98.71353
gbr,2000,99.16957
gbr,2001,98.06003
gbr,2002,97.80013
gbr,2003,99.99805
gbr,2004,98.39643
gbr,2005,99.6048
gbr,2006,98.23642
gbr,2007,95.85479
gbr,2008,96.40254
gbr,2009,99.30461
gbr,2010,98.75681
gbr,2011,98.46283
gbr,2012,99.07666
gbr,2013,99.17068
gbr,2014,99.17915
geo,2008,100
geo,2009,95.21576
geo,2011,98.33002
geo,2012,100
geo,2013,100
geo,2014,100
gha,1999,41.65309
gha,2000,44.36074
gha,2001,39.6599
gha,2002,38.48607
gha,2003,33.42081
gha,2004,36.42764
gha,2005,41.16531
gha,2006,42.65099
gha,2007,46.7107
gha,2008,49.70146
gha,2009,46.13625
gin,1999,25.23806
gin,2000,30.6131
gin,2001,33.55922
gin,2002,37.01157
gin,2003,41.05575
gin,2004,43.10444
gin,2005,44.03288
gin,2006,47.48909
gin,2007,49.67132
gin,2008,49.74862
gin,2009,55.46563
gin,2010,58.77766
gin,2011,65.38639
gin,2012,69.4976
gin,2013,66.65302
gin,2014,71.34272
gmb,1999,63.31281
gmb,2000,57.93837
gmb,2001,58.96448
gmb,2002,57.65042
gmb,2003,67.36793
gmb,2004,60.95791
gmb,2005,57.12699
gmb,2006,63.55018
gmb,2007,61.71829
gmb,2008,62.72861
gmb,2010,56.8872
gmb,2011,59.21332
gmb,2012,59.88017
gmb,2013,56.15066
gmb,2014,62.42912
gnb,2000,31.85217
gnb,2010,51.32935
gnq,2000,52.88022
gnq,2001,76.919
gnq,2002,74.43609
gnq,2003,78.74335
gnq,2008,43.70168
gnq,2009,41.35322
gnq,2010,44.20124
gnq,2011,47.02749
gnq,2012,47.16257
grc,1999,99.04947
grc,2000,95.70437
grc,2001,97.19052
grc,2002,97.84546
grc,2003,96.98311
grc,2004,96.76375
grc,2005,95.40739
grc,2006,92.85412
grc,2007,97.15712
grc,2010,97.01635
grc,2011,96.32031
grc,2012,96.23924
grc,2013,97.29781
grd,1999,100
grd,2002,81.68605
grd,2003,97.63314
grd,2004,87.92415
grd,2005,79.83789
grd,2007,91.29968
grd,2008,92.50276
grd,2009,93.6523
grd,2013,86.9697
grd,2014,87.48472
gtm,1999,72.71984
gtm,2000,77.16986
gtm,2001,79.11464
gtm,2002,82.5262
gtm,2004,85.59597
gtm,2005,86.66311
gtm,2006,89.98942
gtm,2007,91.94028
gtm,2008,91.9092
gtm,2009,93.14395
gtm,2010,89.05848
gtm,2011,88.86439
gtm,2012,86.98275
gtm,2013,84.82848
gtm,2014,84.0287
guy,2003,80.61466
guy,2008,82.76123
guy,2009,73.17393
guy,2010,80.19791
guy,2011,80.40316
guy,2012,80.50268
hnd,2000,88.19963
hnd,2003,57.99817
hnd,2004,65.71317
hnd,2005,65.02475
hnd,2006,75.63322
hnd,2007,73.71615
hnd,2008,68.83159
hnd,2009,73.9454
hnd,2010,73.95322
hnd,2011,81.89716
hnd,2012,85.23917
hnd,2013,81.91077
hnd,2014,86.2922
hrv,1999,95.7862
hrv,2000,93.32144
hrv,2001,94.17402
hrv,2002,94.63989
hrv,2003,98.37171
hrv,2005,99.15732
hrv,2006,95.55462
hrv,2007,92.26284
hrv,2008,91.01187
hrv,2009,90.05824
hrv,2010,90.34899
hrv,2011,95.35768
hrv,2012,97.59438
hrv,2014,95.56663
hun,1999,90.98728
hun,2000,90.05604
hun,2001,91.51163
hun,2002,92.91201
hun,2003,93.34589
hun,2004,91.87517
hun,2005,91.80014
hun,2006,94.41212
hun,2007,94.49567
hun,2008,96.71648
hun,2009,96.95377
hun,2010,96.85231
hun,2011,93.42703
hun,2012,93.08031
hun,2013,94.17825
hun,2014,96.30665
idn,2001,95.36322
idn,2002,95.41755
idn,2003,95.09078
idn,2004,93.97591
idn,2005,94.01837
idn,2006,89.56362
idn,2007,91.74791
idn,2008,90.95892
idn,2009,91.3791
idn,2010,93.95288
idn,2011,100
idn,2012,100
idn,2013,100
idn,2014,100
ind,2000,85.37006
ind,2001,86.40804
ind,2002,87.90334
ind,2003,99.0944
ind,2007,92.95258
ind,2008,94.11865
ind,2009,94.63477
ind,2010,98.04708
ind,2011,94.81966
ind,2012,95.39427
ind,2013,96.28366
irl,1999,100
irl,2000,100
irl,2001,100
irl,2002,99.99508
irl,2003,100
irl,2004,100
irl,2005,99.21739
irl,2006,100
irl,2007,100
irl,2008,100
irl,2009,100
irl,2010,99.91767
irl,2011,95.42433
irl,2012,95.91288
irl,2013,97.17698
irn,1999,44.42082
irn,2000,44.75369
irn,2002,85.63145
irn,2003,85.58506
irn,2004,96.76567
irn,2005,97.50226
irn,2006,97.42588
irn,2007,97.93661
irn,2009,98.73693
irn,2010,98.5401
irn,2011,96.74553
irn,2012,96.44692
irn,2013,100
irn,2014,96.60915
irq,1999,89.16622
irq,2000,88.07857
irq,2003,86.5457
irq,2004,84.78167
irq,2007,81.80945
isl,1999,96.95789
isl,2000,99.91123
isl,2001,95.57838
isl,2002,92.47312
isl,2003,94.54049
isl,2004,92.93023
isl,2005,95.28796
isl,2006,98.55002
isl,2007,100
isl,2008,97.76156
isl,2009,96.94915
isl,2010,98.65385
isl,2011,99.26069
isl,2012,97.22641
isr,1999,89.09952
isr,2000,89.81696
isr,2001,88.69375
isr,2002,89.72826
isr,2003,88.29849
isr,2004,88.45133
isr,2005,87.83621
isr,2006,85.74572
isr,2007,87.00557
isr,2008,86.48116
isr,2009,84.42525
isr,2010,87.30452
isr,2011,84.67616
isr,2012,87.98469
isr,2013,85.68038
isr,2014,84.68846
ita,1999,100
ita,2000,98.23629
ita,2001,98.34439
ita,2002,97.41792
ita,2003,98.2508
ita,2004,98.74203
ita,2005,97.16784
ita,2006,97.35964
ita,2007,96.98863
ita,2008,97.67256
ita,2009,98.05604
ita,2010,98.06958
ita,2011,97.24517
ita,2012,97.88757
ita,2013,98.33501
jam,1999,90.02502
jam,2000,91.41756
jam,2001,90.43168
jam,2002,86.81
jam,2003,81.71435
jam,2004,82.43582
jor,1999,98.65992
jor,2000,100
jor,2002,100
jor,2003,100
jor,2004,98.73491
jor,2005,94.13426
jor,2006,91.83759
jor,2007,91.11997
jor,2008,91.61782
jor,2010,90.17547
jor,2011,87.56006
jor,2012,87.66596
jpn,1999,99.77099
jpn,2000,99.77606
jpn,2001,99.92433
jpn,2002,100
jpn,2003,100
jpn,2004,99.86092
jpn,2005,100
jpn,2006,100
jpn,2007,99.7623
jpn,2008,99.66937
jpn,2009,99.90049
jpn,2010,99.9339
jpn,2011,99.36569
jpn,2012,98.43195
jpn,2013,96.42604
kaz,2000,92.95337
kaz,2001,91.15856
kaz,2002,96.89862
kaz,2003,96.81914
kaz,2004,95.63854
kaz,2005,94.45186
kaz,2006,95.60025
kaz,2007,95.31459
kaz,2008,98.03254
kaz,2009,98.46063
kaz,2010,100
kaz,2011,98.77397
kaz,2012,98.55176
kaz,2013,98.65935
kaz,2014,98.53715
kaz,2015,93.21905
ken,1999,33.79825
ken,2000,36.488
ken,2001,36.65458
ken,2002,32.69871
ken,2003,41.96831
ken,2004,39.28822
ken,2005,40.10696
ken,2006,40.61682
ken,2007,41.76952
ken,2008,40.95393
ken,2009,41.22724
ken,2012,43.32939
kgz,1999,90.46967
kgz,2000,89.19633
kgz,2001,88.77158
kgz,2002,91.33539
kgz,2003,91.34612
kgz,2004,91.31383
kgz,2005,90.29206
kgz,2006,93.00245
kgz,2007,93.00348
kgz,2008,92.55326
kgz,2009,91.56463
kgz,2010,95.20856
kgz,2011,95.71773
kgz,2012,94.57241
kgz,2013,94.82267
kgz,2014,93.24769
khm,1999,70.46758
khm,2000,78.04317
khm,2003,86.79291
khm,2006,88.42859
khm,2007,90.50591
khm,2008,81.29706
khm,2010,86.74973
khm,2011,94.48121
khm,2012,91.79498
khm,2014,86.06749
kir,2000,96.60985
kir,2001,100
kir,2014,90.83518
kna,2002,94.97817
kna,2003,88.14655
kna,2004,87.1308
kna,2005,84.26501
kna,2007,86.59794
kna,2008,73.48643
kna,2009,89.14894
kna,2010,76.02592
kna,2012,79.48164
kna,2013,81.03448
kna,2014,79.32295
kor,1999,99.35036
kor,2000,92.98704
kor,2001,95.07187
kor,2002,98.44468
kor,2003,98.82746
kor,2004,99.11907
kor,2005,99.5763
kor,2006,98.19137
kor,2007,98.93502
kor,2008,88.14914
kor,2009,77.44965
kor,2010,95.79004
kor,2011,98.49395
kor,2012,92.29437
kor,2013,94.70761
kwt,1999,97.51518
kwt,2000,96.34628
kwt,2001,94.41353
kwt,2002,93.98022
kwt,2003,97.62744
kwt,2004,82.42337
kwt,2005,94.33875
kwt,2007,94.27127
kwt,2008,99.88926
kwt,2010,97.63791
kwt,2011,96.18678
kwt,2012,96.94607
kwt,2013,95.66861
kwt,2014,90.66652
lao,1999,60.91915
lao,2000,64.86389
lao,2001,63.85869
lao,2002,68.3671
lao,2003,70.77735
lao,2004,71.31122
lao,2005,73.36746
lao,2006,76.46279
lao,2007,83.52127
lao,2008,83.50876
lao,2009,87.0376
lao,2010,91.07251
lao,2011,90.11994
lao,2012,91.35625
lao,2013,94.36139
lao,2014,91.94143
lbn,2002,94.61549
lbn,2003,93.79376
lbn,2004,91.84751
lbn,2005,89.25986
lbn,2006,85.93966
lbn,2007,90.17491
lbn,2008,90.21863
lbn,2009,95.16588
lbn,2010,91.46301
lbn,2011,91.33703
lbn,2012,91.66482
lbn,2013,90.80672
lbr,1999,11.71735
lbr,2006,8.34498
lbr,2008,17.55654
lbr,2009,9.66897
lbr,2011,8.59833
lbr,2014,9.51175
lca,2000,92.56678
lca,2001,91.02334
lca,2002,91.26177
lca,2003,89.02857
lca,2004,88.68286
lca,2005,84.19334
lca,2006,94.6
lca,2007,94.43691
lie,2003,99.11407
lie,2004,98.99357
lie,2006,100
lie,2007,99.53704
lie,2008,98.45361
lie,2009,97.64706
lie,2010,96.96172
lie,2011,99.39024
lie,2012,98.42105
lie,2014,98.9011
lka,2001,95.14509
lka,2002,96.72478
lka,2003,93.23743
lka,2004,93.00936
lka,2005,94.13571
lka,2006,95.17861
lka,2007,95.97285
lka,2008,92.43714
lka,2009,90.76648
lka,2010,91.3593
lka,2011,90.55475
lka,2012,93.68639
lka,2013,96.44699
lka,2014,96.51119
lso,1999,27.75108
lso,2000,64.77487
lso,2001,63.41482
lso,2002,61.23316
lso,2003,61.82662
lso,2004,57.12594
lso,2005,55.00268
lso,2006,60.10731
lso,2007,60.99129
lso,2008,61.88896
lso,2009,62.46235
lso,2010,68.36084
lso,2011,70.94801
lso,2012,69.75767
lso,2013,64.10288
lso,2014,64.18405
ltu,1999,94.02047
ltu,2000,93.60016
ltu,2001,93.42713
ltu,2002,86.28958
ltu,2003,88.03119
ltu,2004,89.70432
ltu,2005,92.13108
ltu,2006,95.88756
ltu,2007,97.59792
ltu,2008,97.32891
ltu,2009,97.38593
ltu,2010,95.28201
ltu,2011,97.12008
ltu,2012,98.0507
ltu,2013,99.45347
ltu,2014,99.52489
lux,1999,94.17872
lux,2000,94.70823
lux,2001,96.16613
lux,2002,94.34229
lux,2003,91.87279
lux,2004,93.51524
lux,2005,95.09421
lux,2006,95.06392
lux,2007,92.9058
lux,2008,96.80738
lux,2010,93.18984
lux,2011,92.16235
lux,2012,92.57063
lux,2013,95.31087
lva,1999,92.85079
lva,2009,93.41005
lva,2010,94.97067
lva,2011,92.88104
lva,2012,87.23316
lva,2013,90.65242
lva,2014,90.95734
mar,1999,49.23548
mar,2000,60.16007
mar,2001,70.58983
mar,2002,79.94822
mar,2003,81.98271
mar,2004,83.50394
mar,2005,85.52803
mar,2006,85.83917
mar,2007,88.82308
mar,2008,87.36522
mar,2010,91.54343
mar,2011,93.68737
mar,2013,92.86467
mar,2014,92.55681
mda,2003,90.32769
mda,2004,91.65964
mda,2005,82.14841
mda,2006,82.06463
mda,2007,86.49723
mda,2008,87.28448
mda,2009,85.28858
mda,2010,89.06754
mda,2011,88.80278
mda,2012,89.33761
mda,2013,88.69365
mda,2014,88.10972
mdg,1999,52.8203
mdg,2000,55.36544
mdg,2001,58.73156
mdg,2002,60.54782
mdg,2003,75.54215
mdv,1999,89.19989
mdv,2000,94.73965
mdv,2001,91.05181
mdv,2002,90.31355
mdv,2004,94.26692
mdv,2005,87.8171
mdv,2006,84.24749
mdv,2007,81.54843
mdv,2008,79.30321
mdv,2009,78.76689
mex,1999,98.2908
mex,2000,97.5688
mex,2001,96.26698
mex,2002,96.00965
mex,2003,93.62752
mex,2004,91.13921
mex,2005,91.53727
mex,2006,92.19255
mex,2007,95.13791
mex,2008,98.09534
mex,2009,97.40784
mex,2010,96.85969
mex,2011,97.35974
mex,2012,97.2479
mex,2013,98.02979
mex,2014,99.42194
mhl,2002,94.85904
mkd,1999,96.12431
mkd,2000,91.1608
mkd,2001,93.24232
mkd,2002,91.06104
mkd,2003,90.44446
mkd,2004,90.12273
mkd,2005,90.04071
mkd,2006,89.59097
mkd,2007,86.52683
mkd,2008,80.39606
mkd,2009,86.21971
mkd,2010,89.52248
mkd,2012,86.61942
mli,1999,33.48144
mli,2002,46.24936
mli,2003,46.14124
mli,2004,47.82575
mli,2005,50.90368
mli,2006,56.24861
mli,2007,58.64495
mli,2009,60.35544
mli,2010,63.10717
mli,2011,64.35635
mli,2012,59.67397
mli,2014,55.29186
mlt,2011,90.05792
mlt,2012,91.9
mlt,2013,94.82003
mmr,2000,90.70184
mmr,2001,97.99385
mmr,2002,99.37088
mmr,2003,99.44087
mmr,2005,97.51802
mne,2007,98.60759
mne,2008,98.85562
mne,2012,90.67997
mne,2015,94.22826
mng,1999,94.49452
mng,2000,94.3712
mng,2001,93.58468
mng,2002,84.48012
mng,2003,96.17878
mng,2004,97.39771
mng,2005,89.64008
mng,2006,96.67454
mng,2007,92.88677
mng,2009,83.63205
mng,2010,89.90244
mng,2011,91.85951
mng,2012,90.23835
mng,2013,89.18639
mng,2014,100
moz,1999,23.04683
moz,2000,27.52154
moz,2001,31.57988
moz,2002,32.19939
moz,2004,43.27118
moz,2005,49.16409
moz,2006,52.83735
moz,2007,57.73287
moz,2008,59.62464
moz,2009,61.09826
moz,2010,63.22387
moz,2011,63.30459
moz,2012,65.03262
moz,2013,69.76826
moz,2014,73.08345
mrt,1999,28.82386
mrt,2000,28.9224
mrt,2001,33.79491
mrt,2002,41.58079
mrt,2003,43.47048
mrt,2004,41.76475
mrt,2005,39.52828
mrt,2006,40.28454
mrt,2007,37.46702
mrt,2008,36.009
mrt,2009,37.18862
mrt,2010,35.51636
mrt,2011,42.19906
mrt,2012,40.57655
mrt,2013,41.1112
mrt,2014,46.15779
msr,2004,100
msr,2005,100
msr,2006,90.32258
msr,2007,84.375
mus,2001,62.40007
mus,2007,83.3859
mus,2008,83.11143
mus,2009,83.56253
mus,2010,85.1022
mus,2011,86.94809
mus,2012,69.62208
mus,2013,84.57956
mus,2014,81.64449
mwi,1999,77.37634
mwi,2002,89.26665
mwi,2004,95.22107
mwi,2005,92.29032
mwi,2006,94.10714
mwi,2007,95.64209
mwi,2008,94.14038
mwi,2009,90.51961
mwi,2014,100
nam,1999,81.7011
nam,2000,79.65479
nam,2001,79.27282
nam,2002,77.1177
nam,2003,77.31161
nam,2004,73.65108
nam,2005,76.27766
nam,2006,75.66786
nam,2007,78.66696
nam,2008,75.45906
nam,2009,74.4089
nam,2010,75.74431
nam,2012,83.03911
nam,2013,86.04942
ner,1999,26.87185
ner,2000,25.78541
ner,2001,34.93277
ner,2002,42.28665
ner,2003,46.37107
ner,2004,44.67891
ner,2005,39.19142
ner,2006,42.98324
ner,2007,41.34711
ner,2008,53.65507
ner,2009,62.35037
ner,2010,67.99138
ner,2011,70.83045
ner,2012,68.23103
ner,2013,65.91491
ner,2014,63.19749
nga,1999,39.07467
nga,2000,41.03033
nga,2004,42.06248
nga,2005,42.41615
nga,2006,43.17236
nga,2007,50.63375
nga,2008,45.71462
nga,2009,46.57308
nga,2010,46.78868
nic,1999,87.99897
nic,2000,93.06518
nic,2001,94.48313
nic,2002,98.23171
nic,2004,96.99034
nic,2005,98.38554
nic,2006,82.35632
nic,2007,87.39618
nic,2008,81.66181
nic,2010,79.90072
nld,1999,98.6101
nld,2000,98.65249
nld,2001,98.09055
nld,2002,96.94298
nld,2003,96.28955
nld,2004,98.6404
nld,2005,98.42934
nld,2006,98.21198
nld,2007,99.06982
nld,2008,99.67461
nld,2009,99.33314
nld,2010,100
nld,2011,98.19945
nld,2012,96.07617
nor,1999,97.89911
nor,2000,98.88515
nor,2001,98.00304
nor,2002,97.96605
nor,2003,98.03086
nor,2004,98.45793
nor,2005,97.47239
nor,2006,98.68308
nor,2007,97.96944
nor,2008,98.21055
nor,2009,97.71669
nor,2010,98.90228
nor,2011,98.63119
nor,2012,99.3075
nor,2013,99.2651
nor,2014,98.98037
npl,1999,52.54979
npl,2000,59.24162
npl,2003,73.49913
npl,2004,74.80211
npl,2011,100
npl,2012,100
npl,2014,97.056
nru,2012,69.53125
nru,2014,72.14286
nzl,1999,93.81369
nzl,2000,94.0151
nzl,2001,91.83744
nzl,2002,94.67501
nzl,2003,97.23978
nzl,2004,96.09688
nzl,2005,96.24744
nzl,2006,96.84813
nzl,2007,97.09883
nzl,2008,97.1788
nzl,2009,97.64462
nzl,2010,97.79334
nzl,2011,96.75254
nzl,2012,95.85497
nzl,2013,96.329
nzl,2014,95.23619
omn,1999,82.74207
omn,2000,83.85837
omn,2001,82.29573
omn,2002,79.71528
omn,2003,73.90218
omn,2009,89.05917
omn,2011,83.96571
omn,2012,84.02845
omn,2013,90.75062
omn,2014,90.61307
pak,2002,68.24721
pak,2003,73.36254
pak,2006,64.31551
pak,2007,71.11919
pak,2008,72.57356
pak,2009,73.2615
pak,2010,73.07152
pak,2011,68.27334
pak,2012,67.21894
pak,2013,63.11658
pan,1999,84.81561
pan,2000,89.29356
pan,2001,94.21934
pan,2002,95.15774
pan,2004,90.89742
pan,2005,87.09372
pan,2006,92.22719
pan,2007,89.79616
pan,2008,83.27063
pan,2009,77.15759
pan,2010,87.09533
pan,2011,84.26256
pan,2012,88.08397
pan,2013,87.55047
per,1999,100
per,2000,100
per,2001,99.97926
per,2002,99.28654
per,2003,91.80787
per,2004,91.45941
per,2005,95.48529
per,2006,94.89125
per,2007,92.69248
per,2008,91.05588
per,2009,93.77044
per,2010,97.26067
per,2011,97.20351
per,2012,83.01282
per,2013,80.89583
per,2014,77.29781
phl,1999,84.67816
phl,2001,49.93752
phl,2002,51.03275
phl,2003,50.72549
phl,2004,51.51185
phl,2005,51.45165
phl,2006,48.6549
phl,2007,50.73076
phl,2008,53.68895
phl,2009,58.43243
phl,2013,90.73527
plw,2013,76.14679
plw,2014,69.72477
png,2012,54.03961
pol,1999,98.01364
pol,2000,95.34235
pol,2001,94.73785
pol,2002,94.69283
pol,2003,92.94357
pol,2004,94.71088
pol,2005,95.75868
pol,2006,96.05152
pol,2007,96.86182
pol,2008,96.30006
pol,2009,97.38583
pol,2010,95.93077
pol,2011,95.40492
pol,2012,96.13169
pol,2013,96.32997
pri,2010,83.75338
pri,2011,87.08629
pri,2012,87.76222
pri,2013,87.40695
prk,2009,93.08223
prt,2003,93.78476
prt,2004,97.96441
prt,2005,97.52137
prt,2006,97.54827
prt,2007,97.69708
prt,2008,93.42674
prt,2009,96.26596
prt,2010,97.34415
prt,2011,95.92316
prt,2012,95.71812
prt,2013,95.01697
prt,2014,91.61591
pry,1999,78.92547
pry,2000,82.76704
pry,2001,81.70142
pry,2002,81.77702
pry,2003,79.84649
pry,2004,79.25585
pry,2005,77.70013
pry,2006,76.26866
pry,2007,73.92766
pry,2008,75.48403
pry,2009,80.1444
pry,2010,79.95931
pry,2011,80.68138
pry,2012,77.51672
pse,1999,87.65885
pse,2000,90.74692
pse,2001,84.41335
pse,2002,85.08205
pse,2003,83.3707
pse,2004,79.55556
pse,2005,76.17829
pse,2006,81.34062
pse,2007,85.26686
pse,2008,84.43217
pse,2009,87.7611
pse,2010,89.27606
pse,2011,89.07377
pse,2012,92.88867
pse,2013,91.05079
pse,2014,91.13862
qat,1999,97.38095
qat,2000,96.24817
qat,2001,98.51794
qat,2002,89.0322
qat,2005,85.46215
qat,2006,78.09092
qat,2007,83.42171
qat,2009,89.96535
qat,2010,80.55591
qat,2011,97.05991
rou,1999,80.99006
rou,2000,86.57229
rou,2001,100
rou,2002,95.66956
rou,2003,93.66426
rou,2004,96.06576
rou,2005,92.89485
rou,2006,93.35686
rou,2007,91.56865
rou,2008,91.7454
rou,2009,89.06893
rou,2010,87.50397
rou,2011,88.56309
rou,2012,87.78064
rus,2006,92.62554
rus,2007,90.24013
rus,2008,89.24307
rus,2009,90.25399
rus,2011,92.09561
rus,2012,92.37075
rus,2013,90.26604
rus,2014,88.89374
rwa,1999,87.88986
rwa,2002,91.26164
rwa,2003,98.63579
rwa,2013,97.38121
sau,2009,61.27759
sau,2010,79.20866
sau,2011,80.9933
sau,2012,82.66832
sau,2013,83.64952
sau,2014,81.44399
sdn,2012,41.8856
sen,1999,50.49226
sen,2000,54.61434
sen,2003,68.18828
sen,2004,20.37415
sen,2005,18.83067
sen,2006,24.15771
sen,2007,31.58834
sen,2008,30.32264
sen,2009,32.26084
sen,2010,35.40294
sen,2011,36.22396
sen,2012,40.6693
sen,2014,39.14586
slb,2005,37.41042
slb,2006,40.75859
slb,2007,40.87602
sle,2012,98.24856
slv,2000,78.19472
slv,2001,79.79932
slv,2002,83.77025
slv,2003,84.45608
slv,2005,82.08398
slv,2006,80.52016
slv,2007,77.44422
slv,2008,76.27954
slv,2009,74.40524
slv,2010,71.84994
slv,2011,72.38057
slv,2012,71.95144
slv,2013,69.03065
slv,2014,69.20347
smr,2009,92.70073
smr,2010,87.27273
smr,2012,96.74797
srb,2005,100
srb,2006,97.01805
srb,2007,96.44681
srb,2008,95.7604
srb,2009,92.93695
srb,2010,89.70025
srb,2011,88.62956
srb,2012,85.21943
srb,2013,82.19453
srb,2014,93.26377
ssd,2011,18.10107
stp,1999,78.07595
stp,2002,93.62418
stp,2003,93.45938
stp,2004,91.55909
stp,2005,97.64875
stp,2007,58.21739
stp,2008,60.84211
stp,2009,86.53061
stp,2010,90.2023
stp,2013,97.66742
stp,2014,96.75131
stp,2015,94.84613
sur,2005,93.51926
sur,2006,86.8755
sur,2007,80.96742
sur,2008,91.14325
sur,2009,94.12235
sur,2011,91.98286
sur,2013,42.12934
sur,2014,97.74879
svn,1999,92.5296
svn,2000,90.64741
svn,2001,96.09047
svn,2002,99.43617
svn,2003,98.1097
svn,2004,98.86876
svn,2005,93.55965
svn,2006,92.6125
svn,2007,95.1979
svn,2008,95.52841
svn,2009,95.99125
svn,2010,93.78363
svn,2011,95.0734
svn,2012,93.78861
svn,2013,96.07006
svn,2014,95.66951
swe,1999,96.61831
swe,2000,96.25181
swe,2001,95.06727
swe,2002,92.37117
swe,2003,89.76537
swe,2004,89.62854
swe,2005,91.24157
swe,2006,95.94718
swe,2007,98.96071
swe,2008,96.30981
swe,2009,95.90114
swe,2010,97.92855
swe,2011,98.03852
swe,2012,97.04882
swe,2013,98.01049
swe,2014,98.95666
swz,1999,49.71109
swz,2000,52.78813
swz,2001,54.55472
swz,2002,54.29622
swz,2003,52.63296
swz,2004,56.87599
swz,2005,56.09626
swz,2006,72.12562
swz,2007,76.67365
swz,2013,40.01916
syc,1999,64.56599
syc,2000,68.45387
syc,2001,62.97297
syc,2002,69.11565
syc,2003,67.57143
syc,2004,66.86217
syc,2005,73.64531
syc,2014,73.73096
syr,1999,94.12034
syr,2000,96.16441
syr,2001,99.20684
syr,2003,96.39906
syr,2004,98.55578
syr,2005,96.17032
syr,2006,96.89792
syr,2007,96.49464
syr,2008,97.35633
syr,2009,97.46305
syr,2013,68.98389
tcd,1999,25.95477
tcd,2000,28.71132
tcd,2001,29.8483
tcd,2002,31.43558
tcd,2003,32.80463
tcd,2011,77.2592
tcd,2013,63.29149
tgo,1999,64.70153
tgo,2001,69.38883
tgo,2002,73.91693
tgo,2003,78.49648
tgo,2004,74.55155
tgo,2005,73.4897
tgo,2006,81.71105
tgo,2007,76.08819
tgo,2008,78.54891
tgo,2014,80.93641
tha,2006,81.59309
tha,2007,81.97163
tha,2008,82.44172
tha,2009,90.90863
tha,2014,74.19593
tjk,1999,85.72228
tjk,2000,86.9558
tjk,2001,85.60054
tjk,2003,93.81465
tjk,2004,89.97586
tjk,2005,90.94111
tjk,2006,93.49738
tjk,2007,93.88588
tjk,2008,94.14443
tjk,2009,93.29279
tjk,2010,95.03429
tjk,2011,94.03212
tjk,2012,96.99284
tjk,2013,94.04792
tjk,2014,95.68658
tjk,2015,98.05373
tls,2008,69.05115
tls,2009,76.54313
tls,2010,82.63889
tls,2011,83.23219
tls,2012,82.31903
tls,2013,93.73118
tls,2014,93.43445
ton,1999,46.11239
ton,2001,97.38863
ton,2004,50.76428
ton,2005,47.88169
ton,2006,45.94595
ton,2012,98.92017
ton,2013,84.50813
ton,2014,99.45988
tto,1999,94.68717
tto,2000,89.14658
tto,2001,89.43331
tto,2002,93.65762
tto,2003,89.42656
tto,2004,85.00704
tto,2005,83.97508
tto,2008,85.98851
tto,2009,90.38526
tto,2010,87.21135
tun,1999,98.55557
tun,2000,98.35502
tun,2001,100
tun,2002,99.06227
tun,2003,98.20267
tun,2004,97.68986
tun,2005,96.12942
tun,2006,95.28294
tun,2007,97.24601
tun,2008,99.12486
tun,2009,99.36911
tun,2010,98.82584
tun,2011,99.15156
tun,2012,98.71817
tun,2013,99.62488
tur,1999,84.17599
tur,2000,85.94019
tur,2001,89.19736
tur,2002,87.27745
tur,2003,86.30094
tur,2004,89.29052
tur,2005,88.88212
tur,2006,89.59568
tur,2007,90.49015
tur,2008,86.96704
tur,2009,82.02983
tur,2010,87.74613
tur,2011,90.00348
tur,2012,91.1359
tur,2013,94.29358
tuv,2014,93.8537
tza,1999,15.89908
tza,2000,30.15683
tza,2001,32.31894
tza,2002,91.8331
tza,2003,82.05696
tza,2004,86.81713
tza,2005,88.02425
tza,2006,86.49124
tza,2008,82.72246
tza,2010,65.39157
tza,2012,68.38501
tza,2013,72.51789
uga,2009,77.4386
uga,2010,74.23939
uga,2011,75.68725
uga,2013,74.92499
ukr,2002,93.03598
ukr,2003,68.81057
ukr,2004,68.3595
ukr,2005,68.94539
ukr,2006,66.77568
ukr,2007,69.93231
ukr,2008,71.00253
ukr,2009,74.25048
ukr,2010,80.58558
ukr,2011,83.50001
ukr,2012,76.99364
ukr,2013,76.15132
ukr,2014,69.74037
ury,2005,77.15667
ury,2006,81.53834
ury,2007,66.41285
ury,2008,81.35178
ury,2009,83.32996
ury,2010,85.98872
ury,2013,92.08304
usa,1999,88.03209
usa,2000,84.23761
usa,2001,85.48619
usa,2002,83.37826
usa,2003,84.07067
usa,2004,79.3947
usa,2005,81.70749
usa,2006,82.90853
usa,2007,87.66076
usa,2008,90.2075
usa,2009,83.69993
usa,2010,82.83298
usa,2011,86.87901
usa,2012,77.3985
usa,2013,77.90285
usa,2014,79.78172
uzb,2007,90.53531
uzb,2008,86.63353
uzb,2009,87.41148
uzb,2010,87.75036
uzb,2011,88.42713
vct,2000,92.36312
vct,2001,94.03915
vct,2002,93.55132
vct,2003,95.17625
vct,2004,89.12015
vct,2005,95.25653
vct,2007,93.02352
vct,2008,97.81478
vct,2009,95.35534
vct,2010,94.1886
vct,2011,88.29431
vct,2012,94.84882
vct,2014,90.08264
ven,1999,73.29555
ven,2000,78.53141
ven,2001,80.96512
ven,2002,79.69831
ven,2003,75.63136
ven,2004,76.58333
ven,2005,70.86126
ven,2006,79.18676
ven,2007,83.20831
ven,2008,78.12142
ven,2009,89.33955
ven,2010,90.69759
ven,2011,90.35233
ven,2012,88.78301
ven,2013,88.04259
ven,2014,90.85624
vut,1999,65.50607
vut,2000,66.69313
vut,2001,70.45277
vut,2002,71.10092
vut,2003,68.03892
vut,2004,65.63877
vut,2005,71.36659
wsm,2001,81.79214
wsm,2007,79.84361
wsm,2009,75.45064
wsm,2010,83.27896
wsm,2011,79.25868
wsm,2012,80.67993
wsm,2014,87.90942
yem,1999,23.54731
yem,2003,48.79054
yem,2004,52.54062
yem,2005,53.93316
yem,2010,56.06029
yem,2012,61.42963
yem,2013,55.9014
zaf,1999,99.72783
zaf,2000,91.95777
zaf,2001,89.38633
zaf,2002,89.69485
zaf,2003,92.69389
zaf,2004,92.92623
zaf,2005,91.69119
zmb,1999,45.78106
zmb,2000,47.62207
zmb,2001,47.75773
zmb,2002,46.06836
zmb,2004,51.83665
zmb,2005,58.12699
zmb,2006,57.20346
zmb,2007,59.48573
zmb,2009,58.61283
zmb,2010,58.28021
zmb,2011,62.11917
zmb,2012,64.92208
zmb,2013,64.23138
zwe,1999,48.35757
zwe,2000,49.98451
zwe,2001,57.06418
zwe,2002,53.72974
zwe,2003,53.4456
zwe,2012,45.08207
zwe,2013,40.51659
